	0.1344362050294876 -0.10802906006574631 0.33430736149914253 1.9718617061161976
0.15086953341960907 -0.11926567554473877 0.3275812578264277 1.9729902482072372
0.48691943287849426 -0.5668913125991821 0.2003440124025287 1.9899402696298338
2.5310704708099365 -3.41605544090271 -0.34345283775662067 1.9702893564745572
5.538116931915283 -6.4576616287231445 -0.7140080510323652 1.8682056907795146
8.71768569946289 -7.981002330780029 -1.0025627468422487 1.7305686749285984
11.020485877990723 -7.08781099319458 -1.2679248465721202 1.5467277017772278
12.733448028564453 -4.776548385620117 -1.5196704138011734 1.3002314537871211
14.203118324279785 -2.5239970684051514 -1.7263490404219979 1.0098113638863684
15.355621337890625 -0.1683395504951477 -1.873217130357827 0.7007550089253644
16.026580810546875 2.353313684463501 -1.9652695923803654 0.37110029542579487
16.24094009399414 4.839892387390137 -1.9997466243070778 0.03183454998027597
16.047027587890625 7.419924736022949 -1.9763092350144444 -0.30692312978435143
15.376293182373047 9.996292114257812 -1.8960983802475604 -0.6362475402094517
14.378684997558594 12.2376127243042 -1.7641710966139592 -0.9421785084960815
12.908683776855469 14.446044921875 -1.5818677985350569 -1.2238031982136068
11.145368576049805 16.29658317565918 -1.3543541082093737 -1.4716402242315858
9.098450660705566 17.82942771911621 -1.088200353248361 -1.6780405213194771
6.825838565826416 19.004440307617188 -0.7907619741467735 -1.8370344308813316
4.3961567878723145 19.7761287689209 -0.4716562993598186 -1.9435895490751645
1.8742061853408813 20.129575729370117 -0.13957307905585414 -1.9951238948002372
-0.6477838158607483 20.061214447021484 0.19896409555336383 -1.9900787141921377
-3.1199145317077637 19.580276489257812 0.5234363207898098 -1.930288687755805
-5.457886219024658 18.684673309326172 0.8343995370473092 -1.817629613693405
-7.611652851104736 17.423194885253906 1.1220272001152558 -1.6556131680442505
-9.521526336669922 15.83946704864502 1.3778793036413168 -1.4496374114229116
-11.144474029541016 13.986650466918945 1.5952631688851073 -1.206289941099836
-12.435492515563965 11.88963508605957 1.7700047667240422 -0.9311729838081476
-13.374541282653809 9.610758781433105 1.8979006732821753 -0.6308510397511171
-13.941064834594727 7.194579124450684 1.9759809976602005 -0.3090292815993309
-14.104959487915039 4.703701496124268 1.9999188724697272 0.01801398177569549
-13.865606307983398 2.2132339477539062 1.9690888345423871 0.35027012673150354
-13.210338592529297 -0.20846693217754364 1.8850043371593985 0.6684000664948029
-12.159343719482422 -2.4972965717315674 1.746904695048363 0.9738192781096425
-10.738441467285156 -4.5817461013793945 1.5627577295695447 1.248113888501623
-8.971155166625977 -6.40786075592041 1.3341436905466422 1.4899867828187556
-6.9534125328063965 -7.901639938354492 1.0654029886058398 1.692606413750623
-4.709772109985352 -9.051004409790039 0.7726301532894001 1.8447337602559342
-2.3156278133392334 -9.800813674926758 0.4579036056284731 1.9468755193777654
0.16912227869033813 -10.149754524230957 0.13075934359950028 1.9957209208858406
2.69160795211792 -10.083410263061523 -0.20172882264435724 1.9898003623767189
5.16131067276001 -9.589754104614258 -0.5281702488933757 1.9289987527688839
7.516846656799316 -8.698169708251953 -0.840022957994847 1.8150375836443684
9.678064346313477 -7.438769817352295 -1.1270303115972118 1.6522114503722252
11.604094505310059 -5.841308116912842 -1.383391482431928 1.4443780690438333
13.233360290527344 -3.9539153575897217 -1.6013494798423638 1.1981985826266826
