0.006914692930877209 -0.05712169036269188 2.0 0.0
0.0066998121328651905 -0.04823261499404907 2.0 0.0
0.0076350257731974125 -0.03257358819246292 2.0 0.0
0.004514823202043772 -0.011491946876049042 2.0 0.0
0.007128007709980011 -0.006407887674868107 2.0 0.0
0.007929553277790546 -0.003321999916806817 2.0 0.0
0.2033001333475113 -0.35873013734817505 2.0 0.0
1.9041695594787598 -3.165602684020996 2.0 0.0
4.456804275512695 -6.228273868560791 2.0 0.0
7.386517524719238 -8.171927452087402 2.0 0.0
9.656882286071777 -7.852916717529297 2.0 0.0
11.145281791687012 -6.199068069458008 2.0 0.0
12.601469993591309 -4.485308647155762 2.0 0.0
13.944693565368652 -2.7004849910736084 2.0 0.0
14.977799415588379 -0.6311208605766296 2.0 0.0
15.646056175231934 1.5853657722473145 2.0 0.0
15.98007583618164 3.9241833686828613 2.0 0.0
15.967734336853027 6.312946796417236 2.0 0.0
15.564765930175781 8.690692901611328 2.0 0.0
14.770679473876953 10.983311653137207 2.0 0.0
13.610236167907715 13.15601634979248 2.0 0.0
12.084628105163574 15.130910873413086 2.0 0.0
10.250805854797363 16.8608455657959 2.0 0.0
8.127806663513184 18.262266159057617 2.0 0.0
5.776885032653809 19.29290199279785 2.0 0.0
3.2627265453338623 19.91444969177246 2.0 0.0
0.6361938714981079 20.094709396362305 2.0 0.0
-1.9633921384811401 19.818241119384766 2.0 0.0
-4.517833709716797 19.077693939208984 2.0 0.0
-6.9177937507629395 17.916227340698242 2.0 0.0
-9.078178405761719 16.363916397094727 2.0 0.0
-10.9235200881958 14.42907428741455 2.0 0.0
-12.383723258972168 12.261605262756348 2.0 0.0
-13.466569900512695 9.875622749328613 2.0 0.0
-14.115093231201172 7.340786933898926 2.0 0.0
-14.30705738067627 4.809746265411377 2.0 0.0
-14.080374717712402 2.3030471801757812 2.0 0.0
-13.44687271118164 -0.09245190769433975 2.0 0.0
-12.43698787689209 -2.325129985809326 2.0 0.0
-11.095646858215332 -4.34780216217041 2.0 0.0
-9.462976455688477 -6.137749671936035 2.0 0.0
-7.580141067504883 -7.6258625984191895 2.0 0.0
-5.499094486236572 -8.79483413696289 2.0 0.0
-3.2768735885620117 -9.60712718963623 2.0 0.0
-0.9700230956077576 -10.06765079498291 2.0 0.0
1.3267126083374023 -10.176053047180176 2.0 0.0
3.6239728927612305 -9.951180458068848 2.0 0.0
5.854104042053223 -9.369268417358398 2.0 0.0
7.957488059997559 -8.45331859588623 2.0 0.0
